
StartChar: idieresis
Encoding: 239 239 155
Width: 396
VWidth: 0
Flags: H
LayerCount: 2
Fore
Refer: 122 168 N 1 0 0 1 -8.30322 -1.93445 2
Refer: 64 105 N 1 0 0 1 0 0 3
EndChar
