
StartChar: Idieresis
Encoding: 207 207 143
Width: 396
VWidth: 0
Flags: H
LayerCount: 2
Fore
Refer: 122 168 N 1 0 0 1 -8.30322 -1.93445 2
Refer: 10 73 N 1 0 0 1 0 0 3
EndChar
